Backtracking

Size: 5

Matriz analizada
0 0 3 2 0 5 1 
4 5 2 1 5 4 4 
0 3 4 1 1 4 2 
1 3 1 2 0 3 3 
3 2 2 1 0 5 5 
5 3 2 4 4 5 0 

Soluciones:
100001011000110010000
100001011000110011100
100001011000110100000
100001011000110101100
100001011000110111000
100001011000110111110
100110010000110010000
100110010000110011100
100110010000110100000
100110010000110101100
100110010000110111000
100110010000110111110
100110111000110010000
100110111000110011100
100110111000110100000
100110111000110101100
100110111000110111000
100110111000110111110


Matrices de Soluciones:
1 0 0 0 0 0 0 
1 0 0 1 0 0 1 
1 0 0 1 0 0 1 
1 0 0 1 1 0 0 
0 0 1 1 1 0 0 
0 0 1 0 0 0 0 

1 0 0 0 0 0 0 
1 0 0 1 0 0 1 
1 0 0 1 0 0 1 
1 0 0 1 1 0 0 
0 0 1 1 1 1 1 
0 0 1 0 0 1 1 

1 0 0 0 0 0 0 
1 0 0 1 0 0 1 
1 0 0 1 0 0 1 
1 0 0 1 1 0 0 
1 0 0 1 1 0 0 
1 0 0 0 0 0 0 

1 0 0 0 0 0 0 
1 0 0 1 0 0 1 
1 0 0 1 0 0 1 
1 0 0 1 1 0 0 
1 0 0 1 1 1 1 
1 0 0 0 0 1 1 

1 0 0 0 0 0 0 
1 0 0 1 0 0 1 
1 0 0 1 0 0 1 
1 0 0 1 1 0 0 
1 1 1 1 1 0 0 
1 1 1 0 0 0 0 

1 0 0 0 0 0 0 
1 0 0 1 0 0 1 
1 0 0 1 0 0 1 
1 0 0 1 1 0 0 
1 1 1 1 1 1 1 
1 1 1 0 0 1 1 

1 0 0 0 0 1 1 
1 0 0 0 0 1 1 
1 0 0 0 0 0 0 
1 0 0 1 1 0 0 
0 0 1 1 1 0 0 
0 0 1 0 0 0 0 

1 0 0 0 0 1 1 
1 0 0 0 0 1 1 
1 0 0 0 0 0 0 
1 0 0 1 1 0 0 
0 0 1 1 1 1 1 
0 0 1 0 0 1 1 

1 0 0 0 0 1 1 
1 0 0 0 0 1 1 
1 0 0 0 0 0 0 
1 0 0 1 1 0 0 
1 0 0 1 1 0 0 
1 0 0 0 0 0 0 

1 0 0 0 0 1 1 
1 0 0 0 0 1 1 
1 0 0 0 0 0 0 
1 0 0 1 1 0 0 
1 0 0 1 1 1 1 
1 0 0 0 0 1 1 

1 0 0 0 0 1 1 
1 0 0 0 0 1 1 
1 0 0 0 0 0 0 
1 0 0 1 1 0 0 
1 1 1 1 1 0 0 
1 1 1 0 0 0 0 

1 0 0 0 0 1 1 
1 0 0 0 0 1 1 
1 0 0 0 0 0 0 
1 0 0 1 1 0 0 
1 1 1 1 1 1 1 
1 1 1 0 0 1 1 

1 0 0 0 0 1 1 
1 0 0 1 1 1 1 
1 0 0 1 1 0 0 
1 0 0 1 1 0 0 
0 0 1 1 1 0 0 
0 0 1 0 0 0 0 

1 0 0 0 0 1 1 
1 0 0 1 1 1 1 
1 0 0 1 1 0 0 
1 0 0 1 1 0 0 
0 0 1 1 1 1 1 
0 0 1 0 0 1 1 

1 0 0 0 0 1 1 
1 0 0 1 1 1 1 
1 0 0 1 1 0 0 
1 0 0 1 1 0 0 
1 0 0 1 1 0 0 
1 0 0 0 0 0 0 

1 0 0 0 0 1 1 
1 0 0 1 1 1 1 
1 0 0 1 1 0 0 
1 0 0 1 1 0 0 
1 0 0 1 1 1 1 
1 0 0 0 0 1 1 

1 0 0 0 0 1 1 
1 0 0 1 1 1 1 
1 0 0 1 1 0 0 
1 0 0 1 1 0 0 
1 1 1 1 1 0 0 
1 1 1 0 0 0 0 

1 0 0 0 0 1 1 
1 0 0 1 1 1 1 
1 0 0 1 1 0 0 
1 0 0 1 1 0 0 
1 1 1 1 1 1 1 
1 1 1 0 0 1 1 


No soluciones (Podas):
0000
00010010
00010011100
00010100
00010101000
00010101010
000101010110
0001010110
000101011100
000101011110
000101110
00010111100
00010111110
000101111110
00011000
00011001000
00011001010
000110010110
000110100100010
00011010010010
0001101010
000110110
00011011100
00011011110
000111010
000111100
00011110100
00011110110
000111101110
000111110110
0001111110
00011111110
001000000110
0010000010000010001
0010000010000010010
001000001000010
0010000010010
001000001010
00100001000000101101
00100001000000101110
001000010000010
001000011100010
0010000111010
00100010
00100011000
0010001101000010001
0010001101000010010
001000110100010
0010001101010
00100011100000101101
00100011100000101110
001000111000010
001000111100
001000111110010
0010010
00100110000
001001100110
0010011010
001001101100
001001110
0010100
00101010000
001010100100010
00101010010010
0010101010
0010101011100
00101010111010
0010101011101110
0010101011110
001010110
00101011100
001010111010010
00101011101010
00101011110
001010111110
0010101111110
00101011111110
0010101111111110
001011000110
0010110010010
001011001010
001011010
00101101100
0010110111010
00101110
00101111000
001011110110
0010111110
00110
00111100
001111010100010
00111101010010
0011110110
001111110
001111111110
010010
010011100
0100111010
010011101110
01001110111100
010011101111010
01001110111110
01010
0101110
010111110
0101111110
01100
01101010
01101011100
0110110
011011110
011100000110
0111000010000010001
0111000010000010010
011100001000010
0111000010010
011100001010
01110001000000101101
01110001000000101110
011100010000010
011100011100010
0111000111010
01110010
01110011000
0111001101000010001
0111001101000010010
011100110100010
0111001101010
01110011100000101101
01110011100000101110
011100111000010
011100111100
011100111110010
0111010
011101100110
0111011010010
011101101010
011101110
01110111100
0111011111010
011110
01111110
10000100
10000101100011000
10000101100011001001
1000010110001100101
1000010110001100110
10000101100011001111
10000101100011010001
1000010110001101001
1000010110001101010
10000101100011010111
100001011000110110
10000101100011011101
10000101100011011110
1000010110001110
1000010110010100
100001011001010110
1000010110010110
10000101110
10001000
100010010
100010011100
1000100111010
100011100
10010
10011001000011000
10011001000011001001
1001100100001100101
1001100100001100110
10011001000011001111
10011001000011010001
1001100100001101001
1001100100001101010
10011001000011010111
100110010000110110
10011001000011011101
10011001000011011110
1001100100001110
1001100100010100
100110010001010110
1001100100010110
10011010
10011011100011000
10011011100011001001
1001101110001100101
1001101110001100110
10011011100011001111
10011011100011010001
1001101110001101001
1001101110001101010
10011011100011010111
100110111000110110
10011011100011011101
10011011100011011110
1001101110001110
1001101110010100
100110111001010110
1001101110010110
10011011110
10011100
100111010
100111100
100111101010
100111101011010
100111110
1001111110
100111111110
100111111111010
10100
101010010000010
10101010
10101011100
1010110
101011100
101011101010
101011110
1010111110
10101111110
101100010000010
101100011100010
1011000111010
10110010
101100111000010
101100111100
101100111110010
1011010
101101100
101101101010
101101110
101110
101111010000010
10111110
101111110
101111111010
11100100
1110010100
111001010110
11100101011100
111001010111010
11100101011110
111001011000100
1110010110001101001
1110010110001101010
1110010110001110
11100101110
111010
111011010000100
1110110100001101001
1110110100001101010
1110110100001110
11101110
1110111100
111011111000100
1110111110001101001
1110111110001101010
1110111110001110
11101111110


Tiempo de ejecucion: 21359209700
Cantidad de Fallos: 2097134