Backtracking

Size: 6

Matriz analizada
6 4 0 0 6 1 4 3 
5 0 2 3 0 1 5 0 
6 5 4 1 6 2 5 5 
3 3 2 6 4 2 5 1 
0 3 1 6 1 0 4 5 
2 0 2 6 1 6 2 5 
4 2 4 4 3 3 3 1 

Soluciones:
1100000011011000011110000000
1100000011011000011110110000
1100000011011000111111000000
1100000011011001101111000000
1100000011011001101111110000
1100000011011001111111100000
1100000011011011001100000000
1100000011011011001101100000
1100000011011011011110000000
1100000011011011110110000000
1100000011011011110111100000
1100000011011011111111000000
1100000011011110011110000000
1100000011011110011110110000
1100000011011110111111000000
1100000011011111101100000000
1100000011011111101101100000
1100000011011111111110000000
1100000111101100011110000000
1100000111101100011110110000
1100000111101100111111000000
1100000111101101101111000000
1100000111101101101111110000
1100000111101101111111100000
1100000111101111001100000000
1100000111101111001101100000
1100000111101111011110000000
1100000111101111110110000000
1100000111101111110111100000
1100000111101111111111000000
1101100011011000011000000000
1101100011011000011001100000
1101100011011000111100000000
1101100011011001101100000000
1101100011011001101101100000
1101100011011001111110000000
1101100011011011000000000000
1101100011011011000011000000
1101100011011011011000000000
1101100011011011110000000000
1101100011011011110011000000
1101100011011011111100000000
1101100011011110011000000000
1101100011011110011001100000
1101100011011110111100000000
1101100011011111100000000000
1101100011011111100011000000
1101100011011111111000000000
1101100111101100011000000000
1101100111101100011001100000
1101100111101100111100000000
1101100111101101101100000000
1101100111101101101101100000
1101100111101101111110000000
1101100111101111000000000000
1101100111101111000011000000
1101100111101111011000000000
1101100111101111110000000000
1101100111101111110011000000
1101100111101111111100000000


Matrices de Soluciones:
1 1 0 0 0 0 0 0 
1 1 0 0 0 0 0 0 
1 1 0 0 1 1 0 0 
1 1 0 0 1 1 0 0 
0 0 1 1 1 1 0 0 
0 0 1 1 1 1 0 0 
0 0 0 0 0 0 0 0 

1 1 0 0 0 0 0 0 
1 1 0 0 0 0 0 0 
1 1 0 0 1 1 0 0 
1 1 0 0 1 1 0 0 
0 0 1 1 1 1 0 0 
1 1 1 1 1 1 0 0 
1 1 0 0 0 0 0 0 

1 1 0 0 0 0 0 0 
1 1 0 0 0 0 0 0 
1 1 0 0 1 1 0 0 
1 1 0 0 1 1 0 0 
1 1 1 1 1 1 0 0 
1 1 1 1 1 1 0 0 
0 0 0 0 0 0 0 0 

1 1 0 0 0 0 0 0 
1 1 0 0 0 0 0 0 
1 1 0 0 1 1 0 0 
1 1 0 0 1 1 1 1 
0 0 1 1 1 1 1 1 
0 0 1 1 1 1 0 0 
0 0 0 0 0 0 0 0 

1 1 0 0 0 0 0 0 
1 1 0 0 0 0 0 0 
1 1 0 0 1 1 0 0 
1 1 0 0 1 1 1 1 
0 0 1 1 1 1 1 1 
1 1 1 1 1 1 0 0 
1 1 0 0 0 0 0 0 

1 1 0 0 0 0 0 0 
1 1 0 0 0 0 0 0 
1 1 0 0 1 1 0 0 
1 1 0 0 1 1 1 1 
1 1 1 1 1 1 1 1 
1 1 1 1 1 1 0 0 
0 0 0 0 0 0 0 0 

1 1 0 0 0 0 0 0 
1 1 0 0 0 0 0 0 
1 1 0 0 1 1 0 0 
1 1 1 1 1 1 0 0 
0 0 1 1 1 1 0 0 
0 0 0 0 1 1 0 0 
0 0 0 0 0 0 0 0 

1 1 0 0 0 0 0 0 
1 1 0 0 0 0 0 0 
1 1 0 0 1 1 0 0 
1 1 1 1 1 1 0 0 
0 0 1 1 1 1 0 0 
1 1 0 0 1 1 0 0 
1 1 0 0 0 0 0 0 

1 1 0 0 0 0 0 0 
1 1 0 0 0 0 0 0 
1 1 0 0 1 1 0 0 
1 1 1 1 1 1 0 0 
1 1 1 1 1 1 0 0 
1 1 0 0 1 1 0 0 
0 0 0 0 0 0 0 0 

1 1 0 0 0 0 0 0 
1 1 0 0 0 0 0 0 
1 1 0 0 1 1 0 0 
1 1 1 1 1 1 1 1 
0 0 1 1 1 1 1 1 
0 0 0 0 1 1 0 0 
0 0 0 0 0 0 0 0 

1 1 0 0 0 0 0 0 
1 1 0 0 0 0 0 0 
1 1 0 0 1 1 0 0 
1 1 1 1 1 1 1 1 
0 0 1 1 1 1 1 1 
1 1 0 0 1 1 0 0 
1 1 0 0 0 0 0 0 

1 1 0 0 0 0 0 0 
1 1 0 0 0 0 0 0 
1 1 0 0 1 1 0 0 
1 1 1 1 1 1 1 1 
1 1 1 1 1 1 1 1 
1 1 0 0 1 1 0 0 
0 0 0 0 0 0 0 0 

1 1 0 0 0 0 0 0 
1 1 0 0 0 0 0 0 
1 1 0 0 1 1 1 1 
1 1 0 0 1 1 1 1 
0 0 1 1 1 1 0 0 
0 0 1 1 1 1 0 0 
0 0 0 0 0 0 0 0 

1 1 0 0 0 0 0 0 
1 1 0 0 0 0 0 0 
1 1 0 0 1 1 1 1 
1 1 0 0 1 1 1 1 
0 0 1 1 1 1 0 0 
1 1 1 1 1 1 0 0 
1 1 0 0 0 0 0 0 

1 1 0 0 0 0 0 0 
1 1 0 0 0 0 0 0 
1 1 0 0 1 1 1 1 
1 1 0 0 1 1 1 1 
1 1 1 1 1 1 0 0 
1 1 1 1 1 1 0 0 
0 0 0 0 0 0 0 0 

1 1 0 0 0 0 0 0 
1 1 0 0 0 0 0 0 
1 1 0 0 1 1 1 1 
1 1 1 1 1 1 1 1 
0 0 1 1 1 1 0 0 
0 0 0 0 1 1 0 0 
0 0 0 0 0 0 0 0 

1 1 0 0 0 0 0 0 
1 1 0 0 0 0 0 0 
1 1 0 0 1 1 1 1 
1 1 1 1 1 1 1 1 
0 0 1 1 1 1 0 0 
1 1 0 0 1 1 0 0 
1 1 0 0 0 0 0 0 

1 1 0 0 0 0 0 0 
1 1 0 0 0 0 0 0 
1 1 0 0 1 1 1 1 
1 1 1 1 1 1 1 1 
1 1 1 1 1 1 0 0 
1 1 0 0 1 1 0 0 
0 0 0 0 0 0 0 0 

1 1 0 0 0 0 0 0 
1 1 0 0 0 0 1 1 
1 1 0 0 1 1 1 1 
1 1 0 0 1 1 0 0 
0 0 1 1 1 1 0 0 
0 0 1 1 1 1 0 0 
0 0 0 0 0 0 0 0 

1 1 0 0 0 0 0 0 
1 1 0 0 0 0 1 1 
1 1 0 0 1 1 1 1 
1 1 0 0 1 1 0 0 
0 0 1 1 1 1 0 0 
1 1 1 1 1 1 0 0 
1 1 0 0 0 0 0 0 

1 1 0 0 0 0 0 0 
1 1 0 0 0 0 1 1 
1 1 0 0 1 1 1 1 
1 1 0 0 1 1 0 0 
1 1 1 1 1 1 0 0 
1 1 1 1 1 1 0 0 
0 0 0 0 0 0 0 0 

1 1 0 0 0 0 0 0 
1 1 0 0 0 0 1 1 
1 1 0 0 1 1 1 1 
1 1 0 0 1 1 1 1 
0 0 1 1 1 1 1 1 
0 0 1 1 1 1 0 0 
0 0 0 0 0 0 0 0 

1 1 0 0 0 0 0 0 
1 1 0 0 0 0 1 1 
1 1 0 0 1 1 1 1 
1 1 0 0 1 1 1 1 
0 0 1 1 1 1 1 1 
1 1 1 1 1 1 0 0 
1 1 0 0 0 0 0 0 

1 1 0 0 0 0 0 0 
1 1 0 0 0 0 1 1 
1 1 0 0 1 1 1 1 
1 1 0 0 1 1 1 1 
1 1 1 1 1 1 1 1 
1 1 1 1 1 1 0 0 
0 0 0 0 0 0 0 0 

1 1 0 0 0 0 0 0 
1 1 0 0 0 0 1 1 
1 1 0 0 1 1 1 1 
1 1 1 1 1 1 0 0 
0 0 1 1 1 1 0 0 
0 0 0 0 1 1 0 0 
0 0 0 0 0 0 0 0 

1 1 0 0 0 0 0 0 
1 1 0 0 0 0 1 1 
1 1 0 0 1 1 1 1 
1 1 1 1 1 1 0 0 
0 0 1 1 1 1 0 0 
1 1 0 0 1 1 0 0 
1 1 0 0 0 0 0 0 

1 1 0 0 0 0 0 0 
1 1 0 0 0 0 1 1 
1 1 0 0 1 1 1 1 
1 1 1 1 1 1 0 0 
1 1 1 1 1 1 0 0 
1 1 0 0 1 1 0 0 
0 0 0 0 0 0 0 0 

1 1 0 0 0 0 0 0 
1 1 0 0 0 0 1 1 
1 1 0 0 1 1 1 1 
1 1 1 1 1 1 1 1 
0 0 1 1 1 1 1 1 
0 0 0 0 1 1 0 0 
0 0 0 0 0 0 0 0 

1 1 0 0 0 0 0 0 
1 1 0 0 0 0 1 1 
1 1 0 0 1 1 1 1 
1 1 1 1 1 1 1 1 
0 0 1 1 1 1 1 1 
1 1 0 0 1 1 0 0 
1 1 0 0 0 0 0 0 

1 1 0 0 0 0 0 0 
1 1 0 0 0 0 1 1 
1 1 0 0 1 1 1 1 
1 1 1 1 1 1 1 1 
1 1 1 1 1 1 1 1 
1 1 0 0 1 1 0 0 
0 0 0 0 0 0 0 0 

1 1 0 0 1 1 0 0 
1 1 0 0 1 1 0 0 
1 1 0 0 1 1 0 0 
1 1 0 0 1 1 0 0 
0 0 1 1 0 0 0 0 
0 0 1 1 0 0 0 0 
0 0 0 0 0 0 0 0 

1 1 0 0 1 1 0 0 
1 1 0 0 1 1 0 0 
1 1 0 0 1 1 0 0 
1 1 0 0 1 1 0 0 
0 0 1 1 0 0 0 0 
1 1 1 1 0 0 0 0 
1 1 0 0 0 0 0 0 

1 1 0 0 1 1 0 0 
1 1 0 0 1 1 0 0 
1 1 0 0 1 1 0 0 
1 1 0 0 1 1 0 0 
1 1 1 1 0 0 0 0 
1 1 1 1 0 0 0 0 
0 0 0 0 0 0 0 0 

1 1 0 0 1 1 0 0 
1 1 0 0 1 1 0 0 
1 1 0 0 1 1 0 0 
1 1 0 0 1 1 1 1 
0 0 1 1 0 0 1 1 
0 0 1 1 0 0 0 0 
0 0 0 0 0 0 0 0 

1 1 0 0 1 1 0 0 
1 1 0 0 1 1 0 0 
1 1 0 0 1 1 0 0 
1 1 0 0 1 1 1 1 
0 0 1 1 0 0 1 1 
1 1 1 1 0 0 0 0 
1 1 0 0 0 0 0 0 

1 1 0 0 1 1 0 0 
1 1 0 0 1 1 0 0 
1 1 0 0 1 1 0 0 
1 1 0 0 1 1 1 1 
1 1 1 1 0 0 1 1 
1 1 1 1 0 0 0 0 
0 0 0 0 0 0 0 0 

1 1 0 0 1 1 0 0 
1 1 0 0 1 1 0 0 
1 1 0 0 1 1 0 0 
1 1 1 1 1 1 0 0 
0 0 1 1 0 0 0 0 
0 0 0 0 0 0 0 0 
0 0 0 0 0 0 0 0 

1 1 0 0 1 1 0 0 
1 1 0 0 1 1 0 0 
1 1 0 0 1 1 0 0 
1 1 1 1 1 1 0 0 
0 0 1 1 0 0 0 0 
1 1 0 0 0 0 0 0 
1 1 0 0 0 0 0 0 

1 1 0 0 1 1 0 0 
1 1 0 0 1 1 0 0 
1 1 0 0 1 1 0 0 
1 1 1 1 1 1 0 0 
1 1 1 1 0 0 0 0 
1 1 0 0 0 0 0 0 
0 0 0 0 0 0 0 0 

1 1 0 0 1 1 0 0 
1 1 0 0 1 1 0 0 
1 1 0 0 1 1 0 0 
1 1 1 1 1 1 1 1 
0 0 1 1 0 0 1 1 
0 0 0 0 0 0 0 0 
0 0 0 0 0 0 0 0 

1 1 0 0 1 1 0 0 
1 1 0 0 1 1 0 0 
1 1 0 0 1 1 0 0 
1 1 1 1 1 1 1 1 
0 0 1 1 0 0 1 1 
1 1 0 0 0 0 0 0 
1 1 0 0 0 0 0 0 

1 1 0 0 1 1 0 0 
1 1 0 0 1 1 0 0 
1 1 0 0 1 1 0 0 
1 1 1 1 1 1 1 1 
1 1 1 1 0 0 1 1 
1 1 0 0 0 0 0 0 
0 0 0 0 0 0 0 0 

1 1 0 0 1 1 0 0 
1 1 0 0 1 1 0 0 
1 1 0 0 1 1 1 1 
1 1 0 0 1 1 1 1 
0 0 1 1 0 0 0 0 
0 0 1 1 0 0 0 0 
0 0 0 0 0 0 0 0 

1 1 0 0 1 1 0 0 
1 1 0 0 1 1 0 0 
1 1 0 0 1 1 1 1 
1 1 0 0 1 1 1 1 
0 0 1 1 0 0 0 0 
1 1 1 1 0 0 0 0 
1 1 0 0 0 0 0 0 

1 1 0 0 1 1 0 0 
1 1 0 0 1 1 0 0 
1 1 0 0 1 1 1 1 
1 1 0 0 1 1 1 1 
1 1 1 1 0 0 0 0 
1 1 1 1 0 0 0 0 
0 0 0 0 0 0 0 0 

1 1 0 0 1 1 0 0 
1 1 0 0 1 1 0 0 
1 1 0 0 1 1 1 1 
1 1 1 1 1 1 1 1 
0 0 1 1 0 0 0 0 
0 0 0 0 0 0 0 0 
0 0 0 0 0 0 0 0 

1 1 0 0 1 1 0 0 
1 1 0 0 1 1 0 0 
1 1 0 0 1 1 1 1 
1 1 1 1 1 1 1 1 
0 0 1 1 0 0 0 0 
1 1 0 0 0 0 0 0 
1 1 0 0 0 0 0 0 

1 1 0 0 1 1 0 0 
1 1 0 0 1 1 0 0 
1 1 0 0 1 1 1 1 
1 1 1 1 1 1 1 1 
1 1 1 1 0 0 0 0 
1 1 0 0 0 0 0 0 
0 0 0 0 0 0 0 0 

1 1 0 0 1 1 0 0 
1 1 0 0 1 1 1 1 
1 1 0 0 1 1 1 1 
1 1 0 0 1 1 0 0 
0 0 1 1 0 0 0 0 
0 0 1 1 0 0 0 0 
0 0 0 0 0 0 0 0 

1 1 0 0 1 1 0 0 
1 1 0 0 1 1 1 1 
1 1 0 0 1 1 1 1 
1 1 0 0 1 1 0 0 
0 0 1 1 0 0 0 0 
1 1 1 1 0 0 0 0 
1 1 0 0 0 0 0 0 

1 1 0 0 1 1 0 0 
1 1 0 0 1 1 1 1 
1 1 0 0 1 1 1 1 
1 1 0 0 1 1 0 0 
1 1 1 1 0 0 0 0 
1 1 1 1 0 0 0 0 
0 0 0 0 0 0 0 0 

1 1 0 0 1 1 0 0 
1 1 0 0 1 1 1 1 
1 1 0 0 1 1 1 1 
1 1 0 0 1 1 1 1 
0 0 1 1 0 0 1 1 
0 0 1 1 0 0 0 0 
0 0 0 0 0 0 0 0 

1 1 0 0 1 1 0 0 
1 1 0 0 1 1 1 1 
1 1 0 0 1 1 1 1 
1 1 0 0 1 1 1 1 
0 0 1 1 0 0 1 1 
1 1 1 1 0 0 0 0 
1 1 0 0 0 0 0 0 

1 1 0 0 1 1 0 0 
1 1 0 0 1 1 1 1 
1 1 0 0 1 1 1 1 
1 1 0 0 1 1 1 1 
1 1 1 1 0 0 1 1 
1 1 1 1 0 0 0 0 
0 0 0 0 0 0 0 0 

1 1 0 0 1 1 0 0 
1 1 0 0 1 1 1 1 
1 1 0 0 1 1 1 1 
1 1 1 1 1 1 0 0 
0 0 1 1 0 0 0 0 
0 0 0 0 0 0 0 0 
0 0 0 0 0 0 0 0 

1 1 0 0 1 1 0 0 
1 1 0 0 1 1 1 1 
1 1 0 0 1 1 1 1 
1 1 1 1 1 1 0 0 
0 0 1 1 0 0 0 0 
1 1 0 0 0 0 0 0 
1 1 0 0 0 0 0 0 

1 1 0 0 1 1 0 0 
1 1 0 0 1 1 1 1 
1 1 0 0 1 1 1 1 
1 1 1 1 1 1 0 0 
1 1 1 1 0 0 0 0 
1 1 0 0 0 0 0 0 
0 0 0 0 0 0 0 0 

1 1 0 0 1 1 0 0 
1 1 0 0 1 1 1 1 
1 1 0 0 1 1 1 1 
1 1 1 1 1 1 1 1 
0 0 1 1 0 0 1 1 
0 0 0 0 0 0 0 0 
0 0 0 0 0 0 0 0 

1 1 0 0 1 1 0 0 
1 1 0 0 1 1 1 1 
1 1 0 0 1 1 1 1 
1 1 1 1 1 1 1 1 
0 0 1 1 0 0 1 1 
1 1 0 0 0 0 0 0 
1 1 0 0 0 0 0 0 

1 1 0 0 1 1 0 0 
1 1 0 0 1 1 1 1 
1 1 0 0 1 1 1 1 
1 1 1 1 1 1 1 1 
1 1 1 1 0 0 1 1 
1 1 0 0 0 0 0 0 
0 0 0 0 0 0 0 0 


No soluciones (Podas):
000000010
000000100
0000001110
000001000
0000010110
0000011010
0000011100
00000111110
000010000
0000100011000
00001000110010
000010010100
0000100110
0000100111100
000010100000011000100
000010100000011100
000010100000011101010
000010100000101100
000010100000111100100
0000101000001111100
000010100000111110110
0000101000010
000010100001101100100
000010100001101110
000010100001110110
000010100001111110100
0000101000011111110
00001010010
00001010011000
000010100110011100
00001010011010
000010100110110
000010100110111110
0000101010
000010101100011000100
000010101100011100
000010101100011101010
000010101100101100
000010101100111100100
0000101011001111100
000010101100111110110
000010101110
00001010111100
000010101111011100
0000101100
0000101101010
0000101101011000
00001011010110010
00001011010110110
000010110101101110
00001011010111010
000010110101110110
00001011010111100
000010110101111010
000010110101111110
0000101101011111110
000010110110
00001011011100
00001011011110
000010110111110
00001011011111110
000010110111111110
00001011100000100
000010111000101100
000010111000110100
0000101110010
00001011100110010
000010111001110110
000010111001111010
000010111010
00001011101100
000010111011011100
00001011101110
000010111011110
000010111011111110
00001011110
00001011111000100
000010111110101100
000010111110110100
0000101111110
00001011111110
000010111111111100
0000110010
0000110100
00001101110
0000111000
00001110110
00001111010
00001111100
000011111110
00010
0001100000000110010
0001100000010
0001100000011011010
0001100011000110010
00011000110010
0001100011001111010
000110010
0001100110000000101100
0001100110010
0001100110011000101100
000110011010
0001100111100000101100
00011001111010
0001100111101100101100
0001100111110
000110110000011100
00011011000001110110
0001101100010
000110110001101110
00011011010
000110110110011100
00011011011001110110
00011011011010
000110110110111110
0001101110
00011011110000100
0001101111010
00011011110110010
000110111110
00011011111100100
00011011111110
00011011111111010
00011101010
00011101011000
00011101011010
000111010110110
0001110110
000111011110
00011101111100
00011101111110
000111011111110
0001111000000110010
0001111000010
0001111000011011010
0001111010
0001111011000000101100
0001111011010
0001111011011000101100
000111101110
000111111000011100
00011111100001110110
0001111110010
000111111001101110
00011111110
00011111111000100
0001111111110
00011111111110010
00100
0010100001000
0010100001010010
00101000010110
00101000011010
0010100010000
0010100010010100
00101000100101110
00101000100110
001010001010010
00101000101010
00101000111000
0010100011101010
001010001110110
001010001111010
001010010
0010100110100
0010100110110
0010100111000
00101001110011000
0010100111010
00101001111100
00101001111110
00101010
0010101100010
00101011010
00101011011010
0010101110
001010111100
001010111110
0010101111110
00101100
0010110100010
00101101010
00101101011000
00101101011010
0010110110
001011011100
001011011110
0010110111110
0010111001000
0010111001010010
00101110010110
00101110011010
0010111010
0010111011100
0010111011110
001011110
0010111110010
00101111110
001011111110
001100010
00110010
0011001110
00110100
001101010000011100
001101010000101100
0011010100001111100
0011010100010
001101010001101110
001101010001110110
0011010100011111110
00110101010
00110101011000
001101010110011100
00110101011010
001101010110110
001101010110111110
0011010110
001101011100011100
001101011100101100
0011010111001111100
001101011110
00110101111100
001101011111011100
0011011010
001101110
00110111110
001110
0011110000000110010
0011110000010
0011110000011011010
0011110001000
001111000100101110
0011110001010010
001111000101001101000
00111100010110
00111100010111010
001111000101110111000
00111100011000100
00111100011000101100
00111100011010
00111100011011010
0011110011000110010
00111100110010
0011110011001111010
00111100111000
001111001110011110
0011110011101010
001111001110101101000
001111001110110
00111100111011110
001111001110111111000
00111100111100100
00111100111100101100
001111001111010
00111100111101110
001111010
001111011000011100
00111101100001110110
0011110110010
001111011001101110
00111101110
001111011110011100
00111101111001110110
00111101111010
001111011110111110
001111100
00111110110
00111110111000
00111110111010
001111101110110
0011111100000110010
0011111100010
0011111100011011010
0011111101000
001111110100101110
0011111101010010
001111110101001101000
00111111010110
00111111010111010
001111110101110111000
00111111011000100
00111111011000101100
00111111011010
00111111011011010
0011111110
001111111100011100
00111111110001110110
0011111111010
001111111101101110
01000
010010100
01001010100
0100101010100
0100101011000
01001010110010100
010010101100111100
010010101110
01001010111100
0100110
0100111100
01001111010
0100111101100
010100010
01010010
0101010
0101011010
010101110
010110
010111010
01011110
0101111110
011000010
011000100
0110001110
0110010
0110011010
0110011100
01100111110
011010
011100
011110010
01111010
0111101110
0111110
10000
100010100
1000101011000
10001010110010100
100010101100111000
100010101100111100
1000101011010
10001010110110
1000101011011100
10001010110111010
10001010110111100
10001010110111110
100010101101111110
100010101110
10001010111100
10001010111110
100010101111110
1000101011111110
10001010111111110
100011000
1000110010
1000110011100
10001100111010
100011001110110
10001100111011100
100011001110111010
1000110011101110111110
10001100111011110
10001100111100
100011001111010
10001100111110
100011001111110
1000110011111110
10001100111111110
100011001111111110
1000110011111111111110
1000111100
10001111010
1000111101100
10001111011010010
100011110110111000
100011110110111010
1000111101101110110
1000111101110
10001111011110
1000111101111100
10001111011111010
10001111011111100
100011110111111010
100011110111111011010
100011110111111011100
1000111101111110111110
10001111011111110
100011110111111110
1000111101111111110
100011110111111111110
1001000010000
10010000100010100
10010000100011000
100100001000111100
1001000010010010
1001000010010100
100100001001010100
100100001001011000
10010000100101110
1001000010010111100
10010000100110
10010000100111010
10010000100111100
100100001001111010
100100001001111100
100100001001111110
1001000010011111110
10010000101000100
100100001010010
100100001010011000
100100001010011100
1001000010100111010
10010000101010
10010000101011010
1001000010101110
100100001010111100
100100001010111110
10010000101100
1001000010110110
1001000010111010
100100001011101100
100100001011110
10010000101111110
100100001011111110
10010000110001000
100100001100011010
10010000110010
10010000110011100
10010000110100
1001000011010110
10010000110110010
1001000011011010
100100001101101110
100100001101110
10010000110111110
10010000111000
10010000111010010
1001000011101010
100100001110101110
100100001110110
10010000111011110
10010000111100100
100100001111010
10010000111101110
100100001111100
10010000111111010
1001000011111110
100100010
1001000111000
1001000111001010
1001000111001100
100100011100110100
100100011100111000
10010001110011110
1001000111001111100
10010001110100100
100100011101010
100100011101011000
100100011101011100
1001000111010111010
10010001110110
1001000111011110
100100011101111100
10010001111001000
100100011110011010
10010001111010
10010001111011010
1001000111101110
100100011110111110
10010001111100
10010001111101010
1001000111110110
100100011111011110
10010001111110100
100100011111110
10010001111111110
10010010
10010100
1001011010
100101110
100110
100111010
100111100
1001111110
10100000110001000
101000001100011010
10100000110010
10100000110011100
10100000110100
1010000011010110
10100000110110010
1010000011011010
101000001101101110
101000001101110
10100000110111110
101000010
10100001111001000
101000011110011010
10100001111010
10100001111011010
1010000111101110
101000011110111110
101000100
101000101100
10100010111000010
101000101110011010
10100010111010
1010001011101100
10100010111011100
10100010111011110
1010001011110
101000110100
10100011011000010
10100011011010
1010001101110
1010001110
1010001111100
10100011111100010
10100011111110
1010010
1010011010
1010011100
10100111110
101010
101100
1011100010000
10111000100010100
10111000100011000
101110001000111100
1011100010010010
1011100010010100
101110001001010100
101110001001011000
10111000100101110
1011100010010111100
10111000100110
10111000100111010
10111000100111100
101110001001111010
101110001001111100
101110001001111110
1011100010011111110
10111000101000100
101110001010010
101110001010011000
101110001010011100
1011100010100111010
10111000101010
10111000101011010
1011100010101110
101110001010111100
101110001010111110
10111000101100
1011100010110110
1011100010111010
101110001011101100
101110001011110
10111000101111110
101110001011111110
10111000110001000
101110001100011010
10111000110010
10111000110011100
10111000110100
1011100011010110
10111000110110010
1011100011011010
101110001101101110
101110001101110
10111000110111110
10111000111000
10111000111010010
1011100011101010
101110001110101110
101110001110110
10111000111011110
10111000111100100
101110001111010
10111000111101110
101110001111100
10111000111111010
1011100011111110
101110010
1011100111000
1011100111001010
1011100111001100
101110011100110100
101110011100111000
10111001110011110
1011100111001111100
10111001110100100
101110011101010
101110011101011000
101110011101011100
1011100111010111010
10111001110110
1011100111011110
101110011101111100
10111001111001000
101110011110011010
10111001111010
10111001111011010
1011100111101110
101110011110111110
10111001111100
10111001111101010
1011100111110110
101110011111011110
10111001111110100
101110011111110
10111001111111110
10111010
1011101110
1011110
11000000110001000
1100000011000100101110
110000001100010010111100
1100000011000100110
11000000110001001111110
110000001100010011111110
11000000110001010010
1100000011000101001110
110000001100010110
110000001100010111010
1100000011000110010
110000001100011010
110000001100011011010
11000000110001101110
1100000011000110111110
11000000110010
11000000110011100
11000000110011101010
1100000011001110101110
1100000011001111010
11000000110100
11000000110101010
110000001101010110110
1100000011010101101110
110000001101010110111110
1100000011010110
110000001101011110
11000000110101111100
110000001101011111010
110000001101100001111000001
11000000110110000111100001
1100000011011000011110001
110000001101100001111010
110000001101100001111011001
11000000110110000111101101
11000000110110000111110
11000000110110001011110
110000001101100011111100001
11000000110110001111110001
1100000011011000111111001
110000001101100011111110
11000000110110010
1100000011011001101110
110000001101100110111100001
11000000110110011011110001
1100000011011001101111001
110000001101100110111110
110000001101100110111111001
11000000110110011011111101
1100000011011001110110
11000000110110011111110
110000001101100111111110001
11000000110110011111111001
1100000011011001111111101
1100000011011010
110000001101101100110000001
11000000110110110011000001
1100000011011011001100001
110000001101101100110010
110000001101101100110100
110000001101101100110110001
11000000110110110011011001
1100000011011011001110
1100000011011011010
110000001101101101111000001
11000000110110110111100001
1100000011011011011110001
110000001101101101111010
11000000110110110111110
110000001101101110
110000001101101111010
110000001101101111011000001
11000000110110111101100001
1100000011011011110110001
110000001101101111011010
110000001101101111011100
110000001101101111011110001
11000000110110111101111001
11000000110110111110
1100000011011011111110
110000001101101111111100001
11000000110110111111110001
1100000011011011111111001
110000001101101111111110
110000001101110
110000001101111001111000001
11000000110111100111100001
1100000011011110011110001
110000001101111001111010
110000001101111001111011001
11000000110111100111101101
11000000110111100111110
11000000110111101011110
110000001101111011111100001
11000000110111101111110001
1100000011011110111111001
110000001101111011111110
11000000110111110
110000001101111110110000001
11000000110111111011000001
1100000011011111101100001
110000001101111110110010
110000001101111110110100
110000001101111110110110001
11000000110111111011011001
1100000011011111101110
1100000011011111110
110000001101111111111000001
11000000110111111111100001
1100000011011111111110001
110000001101111111111010
11000000110111111111110
110000010
11000001111001000
1100000111100100101110
110000011110010010111100
1100000111100100110
11000001111001001111110
110000011110010011111110
11000001111001010010
1100000111100101001110
110000011110010110
110000011110010111010
1100000111100110010
110000011110011010
110000011110011011010
11000001111001101110
1100000111100110111110
11000001111010
110000011110110001111000001
11000001111011000111100001
1100000111101100011110001
110000011110110001111010
110000011110110001111011001
11000001111011000111101101
11000001111011000111110
11000001111011001011110
110000011110110011111100001
11000001111011001111110001
1100000111101100111111001
110000011110110011111110
11000001111011010
1100000111101101101110
110000011110110110111100001
11000001111011011011110001
1100000111101101101111001
110000011110110110111110
110000011110110110111111001
11000001111011011011111101
1100000111101101110110
11000001111011011111110
110000011110110111111110001
11000001111011011111111001
1100000111101101111111101
1100000111101110
110000011110111100110000001
11000001111011110011000001
1100000111101111001100001
110000011110111100110010
110000011110111100110100
110000011110111100110110001
11000001111011110011011001
1100000111101111001110
1100000111101111010
110000011110111101111000001
11000001111011110111100001
1100000111101111011110001
110000011110111101111010
11000001111011110111110
110000011110111110
110000011110111111010
110000011110111111011000001
11000001111011111101100001
1100000111101111110110001
110000011110111111011010
110000011110111111011100
110000011110111111011110001
11000001111011111101111001
11000001111011111110
1100000111101111111110
110000011110111111111100001
11000001111011111111110001
1100000111101111111111001
110000011110111111111110
110000100
110000101100
11000010111000010
110000101110010110
110000101110011010
11000010111010
1100001011101100
11000010111011100
11000010111011110
1100001011110
110000110100
11000011011000010
1100001101100001110110
11000011011010
1100001101110
1100001110
1100001111100
11000011111100010
1100001111110001110110
11000011111110
110001000
11000100110
11000101010
1100010110
110001011110
11000110010
11000110011001000
1100011001100100101110
1100011001100100110
11000110011001001111110
11000110011001010010
110001100110010110
110001100110010111010
110001100110011100
110001100110011101010
11000110011001110110
1100011001100111011110
1100011001100111110
11000110011010
11000110011011100
11000110011011101010
110001100110111110
11000110011100
11000110011101010
110001100111010110110
1100011001110101101110
1100011001110110
110001100111011110
11000110011101111100
110001100111011111010
1100011001111000011110001
1100011001111000011110010
1100011001111000111111001
1100011001111000111111010
11000110011110010
1100011001111001101110
1100011001111001101111001
1100011001111001101111010
11000110011110011111110
1100011001111001111111101
1100011001111001111111110
1100011001111010
1100011001111011001100001
1100011001111011001100010
1100011001111011010
1100011001111011011110001
1100011001111011011110010
110001100111101110
110001100111101111010
1100011001111011110110001
1100011001111011110110010
11000110011110111110
1100011001111011111110
1100011001111011111111001
1100011001111011111111010
110001100111110
1100011001111110011110001
1100011001111110011110010
1100011001111110111111001
1100011001111110111111010
11000110011111110
1100011001111111101100001
1100011001111111101100010
1100011001111111110
1100011001111111111110001
1100011001111111111110010
1100011010
110001101110
11000110111101000
1100011011110100101110
1100011011110100110
11000110111101001111110
11000110111101010010
110001101111010110
110001101111010111010
110001101111011100
110001101111011101010
11000110111101110110
1100011011110111011110
1100011011110111110
11000110111110
1100011011111100011110001
1100011011111100011110010
1100011011111100111111001
1100011011111100111111010
11000110111111010
1100011011111101101110
1100011011111101101111001
1100011011111101101111010
11000110111111011111110
1100011011111101111111101
1100011011111101111111110
1100011011111110
1100011011111111001100001
1100011011111111001100010
1100011011111111010
1100011011111111011110001
1100011011111111011110010
110001101111111110
110001101111111111010
1100011011111111110110001
1100011011111111110110010
11000110111111111110
1100011011111111111110
1100011011111111111111001
1100011011111111111111010
1100011100
110001110110
110001110111001110
110001110111010110
1100011101110111110
11000111011110
1100011101111100
11000111011111010
11000111011111100
11000111011111110
110001110111111110
110001111010
11000111101100100
110001111011001110
11000111101110
11000111101111010
11000111110
1100011111110
11000111111110100
110001111111101110
110010
11001100110001000
1100110011000100110
1100110011000110010
11001100110010
11001100110011100
1100110011001111010
11001100110100
11001100110101010
1100110011010110
110011001101011110
11001100110110001011110
1100110011011010
1100110011011011010
110011001101110
11001100110111101011110
11001100110111110
1100110011011111110
110011010
11001101111010
1100110111110
11001111010
11001111011001000
1100111101100100110
110011110110011100
11001111011001110110
11001111011010
11001111011011100
110011110110111110
11001111011100
11001111011101010
1100111101110110
110011110111011110
1100111101111010
1100111101111011010
110011110111110
11001111011111110
1100111101111111110
1100111110
110011111110
11001111111100100
11001111111110
11001111111111010
110100
1101010010000
1101010010010100
11010100100101110
11010100100110
110101001010010
11010100101010
11010100101100
1101010010111010
110101001011110
11010100111000
11010100111010010
1101010011101010
110101001110110
110101001111010
110101001111100
11010100111111010
1101010011111110
110101010
1101010111000
11010101110011000
1101010111010
11010101110110
1101010111011110
11010101111100
11010101111101010
11010101111110
110101011111110
11010101111111110
11010110
11010111010
11010111011001000
110101110110010110
11010111011010
11010111011100
11010111011110010
1101011101111010
110101110111101110
110101110111110
1101011110
110101111110
1101011111110
11010111111110
11010111111111010
1101100010000
11011000100011000
110110001000110110
110110001000111010
110110001000111100
1101100010001111110
1101100010010100
110110001001010100
11011000100101010110
110110001001011000
1101100010010110011010
11011000100101110
1101100010010111100
11011000100110
11011000100111100
110110001001111010
11011000100111101110
110110001001111100
1101100010011111011010
110110001001111110
1101100010011111110
110110001010010
110110001010011000
110110001010011100
1101100010100111010
11011000101001110110
1101100010100111100
11011000101010
1101100010101110
110110001010111100
110110001010111110
1101100010101111110
11011000101100
1101100010110110
110110001011011110
1101100010111010
110110001011101100
1101100010111011011010
110110001011110
11011000101111110
110110001011111110
1101100010111111111010
11011000110001000
110110001100010010100
11011000110001001010100
1101100011000100110
1101100011000100111100
11011000110001001111010
110110001100010100010
11011000110001010010
110110001100010110
110110001100010111010
1101100011000110010
110110001100011010
11011000110001101110
11011000110010
11011000110011100
110110001100111010010
11011000110011101010
1101100011001111010
11011000110100
11011000110101010
11011000110101011000
110110001101010110100
11011000110101011010110
110110001101010110110
1101100011010110
110110001101011110
11011000110101111100
110110001101100000010
110110001101100001100000001
11011000110110000110000001
1101100011011000011000001
11011000110110000110010
110110001101100001100110001
11011000110110000110011001
1101100011011000011010
1101100011011000101010
1101100011011000110010
110110001101100011110000001
11011000110110001111000001
1101100011011000111100001
11011000110110001111010
11011000110110010
110110001101100110100
110110001101100110110000001
11011000110110011011000001
1101100011011001101100001
11011000110110011011010
110110001101100110110110001
11011000110110011011011001
110110001101100111000
1101100011011001111100
110110001101100111111000001
11011000110110011111100001
1101100011011001111110001
1101100011011010
110110001101101100000000001
11011000110110110000000001
1101100011011011000000001
1101100011011011000001000
1101100011011011000010000
110110001101101100001100001
11011000110110110000110001
110110001101101100010
1101100011011011010
110110001101101101100000001
11011000110110110110000001
1101100011011011011000001
1101100011011011011001000
1101100011011011011010
110110001101101110
110110001101101111000000001
11011000110110111100000001
1101100011011011110000001
1101100011011011110001000
1101100011011011110010000
110110001101101111001100001
11011000110110111100110001
11011000110110111110
110110001101101111110000001
11011000110110111111000001
1101100011011011111100001
1101100011011011111101000
110110001101110
110110001101111000010
110110001101111001100000001
11011000110111100110000001
1101100011011110011000001
11011000110111100110010
110110001101111001100110001
11011000110111100110011001
1101100011011110011010
1101100011011110101010
1101100011011110110010
110110001101111011110000001
11011000110111101111000001
1101100011011110111100001
11011000110111101111010
11011000110111110
110110001101111110000000001
11011000110111111000000001
1101100011011111100000001
1101100011011111100001000
1101100011011111100010000
110110001101111110001100001
11011000110111111000110001
110110001101111110010
1101100011011111110
110110001101111111100000001
11011000110111111110000001
1101100011011111111000001
1101100011011111111001000
1101100011011111111010
11011000111000
11011000111001010
110110001110010110110
110110001110011110
11011000111001111100
110110001110011111010
1101100011101000011000100
1101100011101000111100100
11011000111010010
1101100011101001101100100
1101100011101001111110100
1101100011101010
1101100011101011000
11011000111010110110
110110001110101110
11011000111010111100
110110001110101111010
110110001110101111100
110110001110101111110
1101100011101011111110
110110001110110
1101100011101110011000100
1101100011101110111100100
11011000111011110
1101100011101111100
11011000111011111110
11011000111100100
11011000111100101010
11011000111100101100
110110001111001011110
11011000111100110010
110110001111001110
110110001111001111010
110110001111010
11011000111101110
11011000111101111010
110110001111100
11011000111110110
110110001111101110110
1101100011111100011000100
1101100011111100111100100
11011000111111010
1101100011111101101100100
1101100011111101111110100
1101100011111110
1101100011111111011000100
1101100011111111111100100
110110010
1101100111000
1101100111001100
110110011100110100
11011001110011010110
110110011100111000
1101100111001110011010
11011001110011110
1101100111001111100
110110011101010
110110011101011000
110110011101011100
1101100111010111010
11011001110101110110
1101100111010111100
11011001110110
1101100111011110
110110011101111100
1101100111011111011010
11011001111001000
110110011110010010100
11011001111001001010100
1101100111100100110
1101100111100100111100
11011001111001001111010
110110011110010100010
11011001111001010010
110110011110010110
110110011110010111010
1101100111100110010
110110011110011010
11011001111001101110
11011001111010
110110011110110000010
110110011110110001100000001
11011001111011000110000001
1101100111101100011000001
11011001111011000110010
110110011110110001100110001
11011001111011000110011001
1101100111101100011010
1101100111101100101010
1101100111101100110010
110110011110110011110000001
11011001111011001111000001
1101100111101100111100001
11011001111011001111010
11011001111011010
110110011110110110100
110110011110110110110000001
11011001111011011011000001
1101100111101101101100001
11011001111011011011010
110110011110110110110110001
11011001111011011011011001
110110011110110111000
1101100111101101111100
110110011110110111111000001
11011001111011011111100001
1101100111101101111110001
1101100111101110
110110011110111100000000001
11011001111011110000000001
1101100111101111000000001
1101100111101111000001000
1101100111101111000010000
110110011110111100001100001
11011001111011110000110001
110110011110111100010
1101100111101111010
110110011110111101100000001
11011001111011110110000001
1101100111101111011000001
1101100111101111011001000
1101100111101111011010
110110011110111110
110110011110111111000000001
11011001111011111100000001
1101100111101111110000001
1101100111101111110001000
1101100111101111110010000
110110011110111111001100001
11011001111011111100110001
11011001111011111110
110110011110111111110000001
11011001111011111111000001
1101100111101111111100001
1101100111101111111101000
11011001111100
1101100111110100011000100
1101100111110100111100100
11011001111101010
1101100111110101101100100
1101100111110101111110100
1101100111110110
1101100111110111000
11011001111101110110
110110011111011110
11011001111101111100
110110011111011111010
110110011111011111100
110110011111011111110
1101100111110111111110
11011001111110100
11011001111110101010
11011001111110101100
110110011111101011110
11011001111110110010
110110011111101110
110110011111101111010
110110011111110
1101100111111110011000100
1101100111111110111100100
11011001111111110
1101100111111111101100100
1101100111111111111110100
11011010
11011011010
11011011011001000
110110110110010010100
1101101101100100110
1101101101100100111100
11011011011001010010
110110110110010110
110110110110010111010
110110110110011100
11011011011001110110
1101101101100111110
11011011011010
11011011011011100
11011011011011101010
110110110110111110
11011011011100
11011011011101010
11011011011101011000
110110110111010110100
110110110111010110110
1101101101110110
110110110111011110
11011011011101111100
1101101101111000011000001
1101101101111000011000010
1101101101111000111100001
1101101101111000111100010
11011011011110010
110110110111100110100
1101101101111001101100001
1101101101111001101100010
1101101101111001111100
1101101101111001111110001
1101101101111001111110010
1101101101111010
1101101101111011000000001
1101101101111011000000010
1101101101111011010
1101101101111011011000001
1101101101111011011000010
110110110111101110
1101101101111011110000001
1101101101111011110000010
11011011011110111110
1101101101111011111100001
1101101101111011111100010
110110110111110
1101101101111110011000001
1101101101111110011000010
1101101101111110111100001
1101101101111110111100010
11011011011111110
1101101101111111100000001
1101101101111111100000010
1101101101111111110
1101101101111111111000001
1101101101111111111000010
1101101110
110110111110
11011011111101000
110110111111010010100
1101101111110100110
1101101111110100111100
11011011111101010010
110110111111010110
110110111111010111010
110110111111011100
11011011111101110110
1101101111110111110
11011011111110
1101101111111100011000001
1101101111111100011000010
1101101111111100111100001
1101101111111100111100010
11011011111111010
110110111111110110100
1101101111111101101100001
1101101111111101101100010
1101101111111101111100
1101101111111101111110001
1101101111111101111110010
1101101111111110
1101101111111111000000001
1101101111111111000000010
1101101111111111010
1101101111111111011000001
1101101111111111011000010
110110111111111110
1101101111111111110000001
1101101111111111110000010
11011011111111111110
1101101111111111111100001
1101101111111111111100010
1101110
11011110110001000
1101111011000100110
1101111011000110010
11011110110010
11011110110011100
1101111011001111010
11011110110100
11011110110101010
1101111011010110
110111101101011110
1101111011011000101010
1101111011011010
1101111011011011010
110111101101110
1101111011011110101010
11011110110111110
1101111011011111110
11011110111000
11011110111001010
110111101110011110
1101111011101010
110111101110110
11011110111011110
11011110111100100
11011110111100101100
110111101111010
11011110111101110
110111101111100
11011110111110110
1101111011111110
110111110
11011111110
11011111111001000
1101111111100100110
110111111110011100
11011111111001110110
11011111111010
11011111111011100
110111111110111110
11011111111100
11011111111101010
1101111111110110
110111111111011110
1101111111111010
1101111111111011010
110111111111110
11011111111111110
1101111111111111110
111000
111001100
1110011011000
11100110110010100
111001101100111000
111001101100111100
1110011011010
11100110110110
1110011011011100
11100110110111010
11100110110111100
11100110110111110
111001101101111110
111001101110
11100110111100
11100110111110
111001101111110
1110011011111110
11100110111111110
1110100010000
11101000100010100
11101000100011000
111010001000111100
1110100010010010
1110100010010100
111010001001010100
111010001001011000
11101000100101110
1110100010010111100
11101000100110
11101000100111010
11101000100111100
111010001001111010
111010001001111100
111010001001111110
1110100010011111110
11101000101000100
111010001010010
111010001010011000
111010001010011100
1110100010100111010
11101000101010
11101000101011010
1110100010101110
111010001010111100
111010001010111110
11101000101100
1110100010110110
1110100010111010
111010001011101100
111010001011110
11101000101111110
111010001011111110
11101000110001000
111010001100011010
11101000110010
11101000110011100
11101000110100
1110100011010110
11101000110110010
1110100011011010
111010001101101110
111010001101110
11101000110111110
11101000111000
11101000111010010
1110100011101010
111010001110101110
111010001110110
11101000111011110
11101000111100100
111010001111010
11101000111101110
111010001111100
11101000111111010
1110100011111110
111010010
1110100111000
1110100111001010
1110100111001100
111010011100110100
111010011100111000
11101001110011110
1110100111001111100
11101001110100100
111010011101010
111010011101011000
111010011101011100
1110100111010111010
11101001110110
1110100111011110
111010011101111100
11101001111001000
111010011110011010
11101001111010
11101001111011010
1110100111101110
111010011110111110
11101001111100
11101001111101010
1110100111110110
111010011111011110
11101001111110100
111010011111110
11101001111111110
11101010
1110110
111011110
11110000110001000
111100001100011010
11110000110010
11110000110011100
11110000110100
1111000011010110
11110000110110010
1111000011011010
111100001101101110
111100001101110
11110000110111110
111100010
11110001111001000
111100011110011010
11110001111010
11110001111011010
1111000111101110
111100011110111110
111100100
111100101100
11110010111000010
111100101110011010
11110010111010
1111001011101100
11110010111011100
11110010111011110
1111001011110
111100110100
11110011011000010
11110011011010
1111001101110
1111001110
1111001111100
11110011111100010
11110011111110
1111010
1111100
1111110010000
11111100100010100
11111100100011000
111111001000111100
1111110010010010
1111110010010100
111111001001010100
111111001001011000
11111100100101110
1111110010010111100
11111100100110
11111100100111010
11111100100111100
111111001001111010
111111001001111100
111111001001111110
1111110010011111110
11111100101000100
111111001010010
111111001010011000
111111001010011100
1111110010100111010
11111100101010
11111100101011010
1111110010101110
111111001010111100
111111001010111110
11111100101100
1111110010110110
1111110010111010
111111001011101100
111111001011110
11111100101111110
111111001011111110
11111100110001000
111111001100011010
11111100110010
11111100110011100
11111100110100
1111110011010110
11111100110110010
1111110011011010
111111001101101110
111111001101110
11111100110111110
11111100111000
11111100111010010
1111110011101010
111111001110101110
111111001110110
11111100111011110
11111100111100100
111111001111010
11111100111101110
111111001111100
11111100111111010
1111110011111110
111111010
1111110111000
1111110111001010
1111110111001100
111111011100110100
111111011100111000
11111101110011110
1111110111001111100
11111101110100100
111111011101010
111111011101011000
111111011101011100
1111110111010111010
11111101110110
1111110111011110
111111011101111100
11111101111001000
111111011110011010
11111101111010
11111101111011010
1111110111101110
111111011110111110
11111101111100
11111101111101010
1111110111110110
111111011111011110
11111101111110100
111111011111110
11111101111111110
11111110


Tiempo de ejecucion: 17281019340700
Cantidad de Fallos: 268435396