Backtracking

Size: 3

Matriz analizada
1 1 0 2 3 
1 1 2 2 3 
2 3 2 0 3 
0 1 3 0 0 

Soluciones:
0011101000
0011101110
0111111000
0111111110
1011010000
1011010110
1011011100
1011011111


Matrices de Soluciones:
0 0 0 0 1 
1 1 0 0 1 
1 1 1 0 0 
0 0 1 0 0 

0 0 0 0 1 
1 1 0 0 1 
1 1 1 1 1 
0 0 1 1 1 

0 0 1 1 1 
1 1 1 1 1 
1 1 1 0 0 
0 0 1 0 0 

0 0 1 1 1 
1 1 1 1 1 
1 1 1 1 1 
0 0 1 1 1 

1 0 0 1 1 
1 0 0 1 1 
1 0 0 0 0 
1 0 0 0 0 

1 0 0 1 1 
1 0 0 1 1 
1 0 0 1 1 
1 0 0 1 1 

1 0 0 1 1 
1 0 0 1 1 
1 1 1 0 0 
1 1 1 0 0 

1 0 0 1 1 
1 0 0 1 1 
1 1 1 1 1 
1 1 1 1 1 


No soluciones (Podas):
000
001110101
001110110
0011110
01010
0110
011110
011111101
011111110
100010
100100
1001010
1001110
10011110
1010
10110000
101100011
101101001
101101010
101110


Tiempo de ejecucion: 25187700
Cantidad de Fallos: 1016