Backtracking

Size: 4

Matriz analizada
4 2 1 4 3 4 
4 4 0 2 0 1 
2 3 1 3 3 2 
0 1 3 3 4 2 
1 1 2 0 0 0 

Soluciones:
101110001100000
101110001111000
101110010100000
101110010111000
101110011110000
101110011111100


Matrices de Soluciones:
1 0 0 1 1 1 
1 0 0 1 1 1 
0 0 0 0 1 1 
0 0 0 0 1 1 
0 0 0 0 0 0 

1 0 0 1 1 1 
1 0 0 1 1 1 
0 0 0 0 1 1 
1 1 0 0 1 1 
1 1 0 0 0 0 

1 0 0 1 1 1 
1 0 0 1 1 1 
0 0 1 0 0 1 
0 0 1 0 0 1 
0 0 0 0 0 0 

1 0 0 1 1 1 
1 0 0 1 1 1 
0 0 1 0 0 1 
1 1 1 0 0 1 
1 1 0 0 0 0 

1 0 0 1 1 1 
1 0 0 1 1 1 
0 0 1 1 1 1 
0 0 1 1 1 1 
0 0 0 0 0 0 

1 0 0 1 1 1 
1 0 0 1 1 1 
0 0 1 1 1 1 
1 1 1 1 1 1 
1 1 0 0 0 0 


No soluciones (Podas):
0000000100
0000010
0000011000010
00000110011010
0000011010
0000011011010
000001101110
00000110111110
0000100
0000101010
00001110
0000111110
0000111111010
0010
0100
0101000100
0101010
0101011100
0101011101100
01010111011010
01010111011011
0101011110
1000
1001000100
1001000101010
100100010110
10010001011110
1001010
1001011100
1001011101100
1001011110
1010000100
1010001000
10100010011110
101000101010
1010010
10110
1011100010
10111000110001
1011100011001
10111000111101
1011100100
10111001010001
1011100101001
101110010110
10111001011101
10111001110
10111001111001
1011100111101
1011100111110
10111001111111
1011101000
10111010011100
10111010011101
101110101010
10111010110
1011101011110
10111010111110
10111010111111
1011110
10111110
1011111100
1011111110010
101111111010
1100000100
1100010
1100011000010
11000110011010
1100011010
1100011011010
110001101110
11000110111110
1100100
1100101010
11001110
1100111110
1100111111010
11010
11100
1110100100
1110110
1110111100
1110111101100
11101111011010
11101111011011
1110111110


Tiempo de ejecucion: 223400900
Cantidad de Fallos: 32762