Fuerza Bruta

Size: 4

Matriz analizada
4 2 1 4 3 4 
4 4 0 2 0 1 
2 3 1 3 3 2 
0 1 3 3 4 2 
1 1 2 0 0 0 

Soluciones:
101110001100000
101110001111000
101110010100000
101110010111000
101110011110000
101110011111100


Matrices de Soluciones:
1 0 0 1 1 1 
1 0 0 1 1 1 
0 0 0 0 1 1 
0 0 0 0 1 1 
0 0 0 0 0 0 

1 0 0 1 1 1 
1 0 0 1 1 1 
0 0 0 0 1 1 
1 1 0 0 1 1 
1 1 0 0 0 0 

1 0 0 1 1 1 
1 0 0 1 1 1 
0 0 1 0 0 1 
0 0 1 0 0 1 
0 0 0 0 0 0 

1 0 0 1 1 1 
1 0 0 1 1 1 
0 0 1 0 0 1 
1 1 1 0 0 1 
1 1 0 0 0 0 

1 0 0 1 1 1 
1 0 0 1 1 1 
0 0 1 1 1 1 
0 0 1 1 1 1 
0 0 0 0 0 0 

1 0 0 1 1 1 
1 0 0 1 1 1 
0 0 1 1 1 1 
1 1 1 1 1 1 
1 1 0 0 0 0 

Tiempo de ejecucion: 56134000
Cantidad de Fallos: 32762