Fuerza Bruta

Size: 5

Matriz analizada
0 0 3 2 0 5 1 
4 5 2 1 5 4 4 
0 3 4 1 1 4 2 
1 3 1 2 0 3 3 
3 2 2 1 0 5 5 
5 3 2 4 4 5 0 

Soluciones:
100001011000110010000
100001011000110011100
100001011000110100000
100001011000110101100
100001011000110111000
100001011000110111110
100110010000110010000
100110010000110011100
100110010000110100000
100110010000110101100
100110010000110111000
100110010000110111110
100110111000110010000
100110111000110011100
100110111000110100000
100110111000110101100
100110111000110111000
100110111000110111110


Matrices de Soluciones:
1 0 0 0 0 0 0 
1 0 0 1 0 0 1 
1 0 0 1 0 0 1 
1 0 0 1 1 0 0 
0 0 1 1 1 0 0 
0 0 1 0 0 0 0 

1 0 0 0 0 0 0 
1 0 0 1 0 0 1 
1 0 0 1 0 0 1 
1 0 0 1 1 0 0 
0 0 1 1 1 1 1 
0 0 1 0 0 1 1 

1 0 0 0 0 0 0 
1 0 0 1 0 0 1 
1 0 0 1 0 0 1 
1 0 0 1 1 0 0 
1 0 0 1 1 0 0 
1 0 0 0 0 0 0 

1 0 0 0 0 0 0 
1 0 0 1 0 0 1 
1 0 0 1 0 0 1 
1 0 0 1 1 0 0 
1 0 0 1 1 1 1 
1 0 0 0 0 1 1 

1 0 0 0 0 0 0 
1 0 0 1 0 0 1 
1 0 0 1 0 0 1 
1 0 0 1 1 0 0 
1 1 1 1 1 0 0 
1 1 1 0 0 0 0 

1 0 0 0 0 0 0 
1 0 0 1 0 0 1 
1 0 0 1 0 0 1 
1 0 0 1 1 0 0 
1 1 1 1 1 1 1 
1 1 1 0 0 1 1 

1 0 0 0 0 1 1 
1 0 0 0 0 1 1 
1 0 0 0 0 0 0 
1 0 0 1 1 0 0 
0 0 1 1 1 0 0 
0 0 1 0 0 0 0 

1 0 0 0 0 1 1 
1 0 0 0 0 1 1 
1 0 0 0 0 0 0 
1 0 0 1 1 0 0 
0 0 1 1 1 1 1 
0 0 1 0 0 1 1 

1 0 0 0 0 1 1 
1 0 0 0 0 1 1 
1 0 0 0 0 0 0 
1 0 0 1 1 0 0 
1 0 0 1 1 0 0 
1 0 0 0 0 0 0 

1 0 0 0 0 1 1 
1 0 0 0 0 1 1 
1 0 0 0 0 0 0 
1 0 0 1 1 0 0 
1 0 0 1 1 1 1 
1 0 0 0 0 1 1 

1 0 0 0 0 1 1 
1 0 0 0 0 1 1 
1 0 0 0 0 0 0 
1 0 0 1 1 0 0 
1 1 1 1 1 0 0 
1 1 1 0 0 0 0 

1 0 0 0 0 1 1 
1 0 0 0 0 1 1 
1 0 0 0 0 0 0 
1 0 0 1 1 0 0 
1 1 1 1 1 1 1 
1 1 1 0 0 1 1 

1 0 0 0 0 1 1 
1 0 0 1 1 1 1 
1 0 0 1 1 0 0 
1 0 0 1 1 0 0 
0 0 1 1 1 0 0 
0 0 1 0 0 0 0 

1 0 0 0 0 1 1 
1 0 0 1 1 1 1 
1 0 0 1 1 0 0 
1 0 0 1 1 0 0 
0 0 1 1 1 1 1 
0 0 1 0 0 1 1 

1 0 0 0 0 1 1 
1 0 0 1 1 1 1 
1 0 0 1 1 0 0 
1 0 0 1 1 0 0 
1 0 0 1 1 0 0 
1 0 0 0 0 0 0 

1 0 0 0 0 1 1 
1 0 0 1 1 1 1 
1 0 0 1 1 0 0 
1 0 0 1 1 0 0 
1 0 0 1 1 1 1 
1 0 0 0 0 1 1 

1 0 0 0 0 1 1 
1 0 0 1 1 1 1 
1 0 0 1 1 0 0 
1 0 0 1 1 0 0 
1 1 1 1 1 0 0 
1 1 1 0 0 0 0 

1 0 0 0 0 1 1 
1 0 0 1 1 1 1 
1 0 0 1 1 0 0 
1 0 0 1 1 0 0 
1 1 1 1 1 1 1 
1 1 1 0 0 1 1 

Tiempo de ejecucion: 2575758600
Cantidad de Fallos: 2097134