Fuerza Bruta

Size: 3

Matriz analizada
1 1 0 2 3 
1 1 2 2 3 
2 3 2 0 3 
0 1 3 0 0 

Soluciones:
0011101000	0011101110	0111111000	0111111110	1011010000	1011010110	1011011100	1011011111	

Matrices de Soluciones:
0 0 0 0 1 
1 1 0 0 1 
1 1 1 0 0 
0 0 1 0 0 

0 0 0 0 1 
1 1 0 0 1 
1 1 1 1 1 
0 0 1 1 1 

0 0 1 1 1 
1 1 1 1 1 
1 1 1 0 0 
0 0 1 0 0 

0 0 1 1 1 
1 1 1 1 1 
1 1 1 1 1 
0 0 1 1 1 

1 0 0 1 1 
1 0 0 1 1 
1 0 0 0 0 
1 0 0 0 0 

1 0 0 1 1 
1 0 0 1 1 
1 0 0 1 1 
1 0 0 1 1 

1 0 0 1 1 
1 0 0 1 1 
1 1 1 0 0 
1 1 1 0 0 

1 0 0 1 1 
1 0 0 1 1 
1 1 1 1 1 
1 1 1 1 1 

Tiempo de ejecucion: 9482000
Cantidad de Fallos: 1016