Fuerza Bruta

Size: 6

Matriz analizada
6 4 0 0 6 1 4 3 
5 0 2 3 0 1 5 0 
6 5 4 1 6 2 5 5 
3 3 2 6 4 2 5 1 
0 3 1 6 1 0 4 5 
2 0 2 6 1 6 2 5 
4 2 4 4 3 3 3 1 

Soluciones:
1100000011011000011110000000
1100000011011000011110110000
1100000011011000111111000000
1100000011011001101111000000
1100000011011001101111110000
1100000011011001111111100000
1100000011011011001100000000
1100000011011011001101100000
1100000011011011011110000000
1100000011011011110110000000
1100000011011011110111100000
1100000011011011111111000000
1100000011011110011110000000
1100000011011110011110110000
1100000011011110111111000000
1100000011011111101100000000
1100000011011111101101100000
1100000011011111111110000000
1100000111101100011110000000
1100000111101100011110110000
1100000111101100111111000000
1100000111101101101111000000
1100000111101101101111110000
1100000111101101111111100000
1100000111101111001100000000
1100000111101111001101100000
1100000111101111011110000000
1100000111101111110110000000
1100000111101111110111100000
1100000111101111111111000000
1101100011011000011000000000
1101100011011000011001100000
1101100011011000111100000000
1101100011011001101100000000
1101100011011001101101100000
1101100011011001111110000000
1101100011011011000000000000
1101100011011011000011000000
1101100011011011011000000000
1101100011011011110000000000
1101100011011011110011000000
1101100011011011111100000000
1101100011011110011000000000
1101100011011110011001100000
1101100011011110111100000000
1101100011011111100000000000
1101100011011111100011000000
1101100011011111111000000000
1101100111101100011000000000
1101100111101100011001100000
1101100111101100111100000000
1101100111101101101100000000
1101100111101101101101100000
1101100111101101111110000000
1101100111101111000000000000
1101100111101111000011000000
1101100111101111011000000000
1101100111101111110000000000
1101100111101111110011000000
1101100111101111111100000000


Matrices de Soluciones:
1 1 0 0 0 0 0 0 
1 1 0 0 0 0 0 0 
1 1 0 0 1 1 0 0 
1 1 0 0 1 1 0 0 
0 0 1 1 1 1 0 0 
0 0 1 1 1 1 0 0 
0 0 0 0 0 0 0 0 

1 1 0 0 0 0 0 0 
1 1 0 0 0 0 0 0 
1 1 0 0 1 1 0 0 
1 1 0 0 1 1 0 0 
0 0 1 1 1 1 0 0 
1 1 1 1 1 1 0 0 
1 1 0 0 0 0 0 0 

1 1 0 0 0 0 0 0 
1 1 0 0 0 0 0 0 
1 1 0 0 1 1 0 0 
1 1 0 0 1 1 0 0 
1 1 1 1 1 1 0 0 
1 1 1 1 1 1 0 0 
0 0 0 0 0 0 0 0 

1 1 0 0 0 0 0 0 
1 1 0 0 0 0 0 0 
1 1 0 0 1 1 0 0 
1 1 0 0 1 1 1 1 
0 0 1 1 1 1 1 1 
0 0 1 1 1 1 0 0 
0 0 0 0 0 0 0 0 

1 1 0 0 0 0 0 0 
1 1 0 0 0 0 0 0 
1 1 0 0 1 1 0 0 
1 1 0 0 1 1 1 1 
0 0 1 1 1 1 1 1 
1 1 1 1 1 1 0 0 
1 1 0 0 0 0 0 0 

1 1 0 0 0 0 0 0 
1 1 0 0 0 0 0 0 
1 1 0 0 1 1 0 0 
1 1 0 0 1 1 1 1 
1 1 1 1 1 1 1 1 
1 1 1 1 1 1 0 0 
0 0 0 0 0 0 0 0 

1 1 0 0 0 0 0 0 
1 1 0 0 0 0 0 0 
1 1 0 0 1 1 0 0 
1 1 1 1 1 1 0 0 
0 0 1 1 1 1 0 0 
0 0 0 0 1 1 0 0 
0 0 0 0 0 0 0 0 

1 1 0 0 0 0 0 0 
1 1 0 0 0 0 0 0 
1 1 0 0 1 1 0 0 
1 1 1 1 1 1 0 0 
0 0 1 1 1 1 0 0 
1 1 0 0 1 1 0 0 
1 1 0 0 0 0 0 0 

1 1 0 0 0 0 0 0 
1 1 0 0 0 0 0 0 
1 1 0 0 1 1 0 0 
1 1 1 1 1 1 0 0 
1 1 1 1 1 1 0 0 
1 1 0 0 1 1 0 0 
0 0 0 0 0 0 0 0 

1 1 0 0 0 0 0 0 
1 1 0 0 0 0 0 0 
1 1 0 0 1 1 0 0 
1 1 1 1 1 1 1 1 
0 0 1 1 1 1 1 1 
0 0 0 0 1 1 0 0 
0 0 0 0 0 0 0 0 

1 1 0 0 0 0 0 0 
1 1 0 0 0 0 0 0 
1 1 0 0 1 1 0 0 
1 1 1 1 1 1 1 1 
0 0 1 1 1 1 1 1 
1 1 0 0 1 1 0 0 
1 1 0 0 0 0 0 0 

1 1 0 0 0 0 0 0 
1 1 0 0 0 0 0 0 
1 1 0 0 1 1 0 0 
1 1 1 1 1 1 1 1 
1 1 1 1 1 1 1 1 
1 1 0 0 1 1 0 0 
0 0 0 0 0 0 0 0 

1 1 0 0 0 0 0 0 
1 1 0 0 0 0 0 0 
1 1 0 0 1 1 1 1 
1 1 0 0 1 1 1 1 
0 0 1 1 1 1 0 0 
0 0 1 1 1 1 0 0 
0 0 0 0 0 0 0 0 

1 1 0 0 0 0 0 0 
1 1 0 0 0 0 0 0 
1 1 0 0 1 1 1 1 
1 1 0 0 1 1 1 1 
0 0 1 1 1 1 0 0 
1 1 1 1 1 1 0 0 
1 1 0 0 0 0 0 0 

1 1 0 0 0 0 0 0 
1 1 0 0 0 0 0 0 
1 1 0 0 1 1 1 1 
1 1 0 0 1 1 1 1 
1 1 1 1 1 1 0 0 
1 1 1 1 1 1 0 0 
0 0 0 0 0 0 0 0 

1 1 0 0 0 0 0 0 
1 1 0 0 0 0 0 0 
1 1 0 0 1 1 1 1 
1 1 1 1 1 1 1 1 
0 0 1 1 1 1 0 0 
0 0 0 0 1 1 0 0 
0 0 0 0 0 0 0 0 

1 1 0 0 0 0 0 0 
1 1 0 0 0 0 0 0 
1 1 0 0 1 1 1 1 
1 1 1 1 1 1 1 1 
0 0 1 1 1 1 0 0 
1 1 0 0 1 1 0 0 
1 1 0 0 0 0 0 0 

1 1 0 0 0 0 0 0 
1 1 0 0 0 0 0 0 
1 1 0 0 1 1 1 1 
1 1 1 1 1 1 1 1 
1 1 1 1 1 1 0 0 
1 1 0 0 1 1 0 0 
0 0 0 0 0 0 0 0 

1 1 0 0 0 0 0 0 
1 1 0 0 0 0 1 1 
1 1 0 0 1 1 1 1 
1 1 0 0 1 1 0 0 
0 0 1 1 1 1 0 0 
0 0 1 1 1 1 0 0 
0 0 0 0 0 0 0 0 

1 1 0 0 0 0 0 0 
1 1 0 0 0 0 1 1 
1 1 0 0 1 1 1 1 
1 1 0 0 1 1 0 0 
0 0 1 1 1 1 0 0 
1 1 1 1 1 1 0 0 
1 1 0 0 0 0 0 0 

1 1 0 0 0 0 0 0 
1 1 0 0 0 0 1 1 
1 1 0 0 1 1 1 1 
1 1 0 0 1 1 0 0 
1 1 1 1 1 1 0 0 
1 1 1 1 1 1 0 0 
0 0 0 0 0 0 0 0 

1 1 0 0 0 0 0 0 
1 1 0 0 0 0 1 1 
1 1 0 0 1 1 1 1 
1 1 0 0 1 1 1 1 
0 0 1 1 1 1 1 1 
0 0 1 1 1 1 0 0 
0 0 0 0 0 0 0 0 

1 1 0 0 0 0 0 0 
1 1 0 0 0 0 1 1 
1 1 0 0 1 1 1 1 
1 1 0 0 1 1 1 1 
0 0 1 1 1 1 1 1 
1 1 1 1 1 1 0 0 
1 1 0 0 0 0 0 0 

1 1 0 0 0 0 0 0 
1 1 0 0 0 0 1 1 
1 1 0 0 1 1 1 1 
1 1 0 0 1 1 1 1 
1 1 1 1 1 1 1 1 
1 1 1 1 1 1 0 0 
0 0 0 0 0 0 0 0 

1 1 0 0 0 0 0 0 
1 1 0 0 0 0 1 1 
1 1 0 0 1 1 1 1 
1 1 1 1 1 1 0 0 
0 0 1 1 1 1 0 0 
0 0 0 0 1 1 0 0 
0 0 0 0 0 0 0 0 

1 1 0 0 0 0 0 0 
1 1 0 0 0 0 1 1 
1 1 0 0 1 1 1 1 
1 1 1 1 1 1 0 0 
0 0 1 1 1 1 0 0 
1 1 0 0 1 1 0 0 
1 1 0 0 0 0 0 0 

1 1 0 0 0 0 0 0 
1 1 0 0 0 0 1 1 
1 1 0 0 1 1 1 1 
1 1 1 1 1 1 0 0 
1 1 1 1 1 1 0 0 
1 1 0 0 1 1 0 0 
0 0 0 0 0 0 0 0 

1 1 0 0 0 0 0 0 
1 1 0 0 0 0 1 1 
1 1 0 0 1 1 1 1 
1 1 1 1 1 1 1 1 
0 0 1 1 1 1 1 1 
0 0 0 0 1 1 0 0 
0 0 0 0 0 0 0 0 

1 1 0 0 0 0 0 0 
1 1 0 0 0 0 1 1 
1 1 0 0 1 1 1 1 
1 1 1 1 1 1 1 1 
0 0 1 1 1 1 1 1 
1 1 0 0 1 1 0 0 
1 1 0 0 0 0 0 0 

1 1 0 0 0 0 0 0 
1 1 0 0 0 0 1 1 
1 1 0 0 1 1 1 1 
1 1 1 1 1 1 1 1 
1 1 1 1 1 1 1 1 
1 1 0 0 1 1 0 0 
0 0 0 0 0 0 0 0 

1 1 0 0 1 1 0 0 
1 1 0 0 1 1 0 0 
1 1 0 0 1 1 0 0 
1 1 0 0 1 1 0 0 
0 0 1 1 0 0 0 0 
0 0 1 1 0 0 0 0 
0 0 0 0 0 0 0 0 

1 1 0 0 1 1 0 0 
1 1 0 0 1 1 0 0 
1 1 0 0 1 1 0 0 
1 1 0 0 1 1 0 0 
0 0 1 1 0 0 0 0 
1 1 1 1 0 0 0 0 
1 1 0 0 0 0 0 0 

1 1 0 0 1 1 0 0 
1 1 0 0 1 1 0 0 
1 1 0 0 1 1 0 0 
1 1 0 0 1 1 0 0 
1 1 1 1 0 0 0 0 
1 1 1 1 0 0 0 0 
0 0 0 0 0 0 0 0 

1 1 0 0 1 1 0 0 
1 1 0 0 1 1 0 0 
1 1 0 0 1 1 0 0 
1 1 0 0 1 1 1 1 
0 0 1 1 0 0 1 1 
0 0 1 1 0 0 0 0 
0 0 0 0 0 0 0 0 

1 1 0 0 1 1 0 0 
1 1 0 0 1 1 0 0 
1 1 0 0 1 1 0 0 
1 1 0 0 1 1 1 1 
0 0 1 1 0 0 1 1 
1 1 1 1 0 0 0 0 
1 1 0 0 0 0 0 0 

1 1 0 0 1 1 0 0 
1 1 0 0 1 1 0 0 
1 1 0 0 1 1 0 0 
1 1 0 0 1 1 1 1 
1 1 1 1 0 0 1 1 
1 1 1 1 0 0 0 0 
0 0 0 0 0 0 0 0 

1 1 0 0 1 1 0 0 
1 1 0 0 1 1 0 0 
1 1 0 0 1 1 0 0 
1 1 1 1 1 1 0 0 
0 0 1 1 0 0 0 0 
0 0 0 0 0 0 0 0 
0 0 0 0 0 0 0 0 

1 1 0 0 1 1 0 0 
1 1 0 0 1 1 0 0 
1 1 0 0 1 1 0 0 
1 1 1 1 1 1 0 0 
0 0 1 1 0 0 0 0 
1 1 0 0 0 0 0 0 
1 1 0 0 0 0 0 0 

1 1 0 0 1 1 0 0 
1 1 0 0 1 1 0 0 
1 1 0 0 1 1 0 0 
1 1 1 1 1 1 0 0 
1 1 1 1 0 0 0 0 
1 1 0 0 0 0 0 0 
0 0 0 0 0 0 0 0 

1 1 0 0 1 1 0 0 
1 1 0 0 1 1 0 0 
1 1 0 0 1 1 0 0 
1 1 1 1 1 1 1 1 
0 0 1 1 0 0 1 1 
0 0 0 0 0 0 0 0 
0 0 0 0 0 0 0 0 

1 1 0 0 1 1 0 0 
1 1 0 0 1 1 0 0 
1 1 0 0 1 1 0 0 
1 1 1 1 1 1 1 1 
0 0 1 1 0 0 1 1 
1 1 0 0 0 0 0 0 
1 1 0 0 0 0 0 0 

1 1 0 0 1 1 0 0 
1 1 0 0 1 1 0 0 
1 1 0 0 1 1 0 0 
1 1 1 1 1 1 1 1 
1 1 1 1 0 0 1 1 
1 1 0 0 0 0 0 0 
0 0 0 0 0 0 0 0 

1 1 0 0 1 1 0 0 
1 1 0 0 1 1 0 0 
1 1 0 0 1 1 1 1 
1 1 0 0 1 1 1 1 
0 0 1 1 0 0 0 0 
0 0 1 1 0 0 0 0 
0 0 0 0 0 0 0 0 

1 1 0 0 1 1 0 0 
1 1 0 0 1 1 0 0 
1 1 0 0 1 1 1 1 
1 1 0 0 1 1 1 1 
0 0 1 1 0 0 0 0 
1 1 1 1 0 0 0 0 
1 1 0 0 0 0 0 0 

1 1 0 0 1 1 0 0 
1 1 0 0 1 1 0 0 
1 1 0 0 1 1 1 1 
1 1 0 0 1 1 1 1 
1 1 1 1 0 0 0 0 
1 1 1 1 0 0 0 0 
0 0 0 0 0 0 0 0 

1 1 0 0 1 1 0 0 
1 1 0 0 1 1 0 0 
1 1 0 0 1 1 1 1 
1 1 1 1 1 1 1 1 
0 0 1 1 0 0 0 0 
0 0 0 0 0 0 0 0 
0 0 0 0 0 0 0 0 

1 1 0 0 1 1 0 0 
1 1 0 0 1 1 0 0 
1 1 0 0 1 1 1 1 
1 1 1 1 1 1 1 1 
0 0 1 1 0 0 0 0 
1 1 0 0 0 0 0 0 
1 1 0 0 0 0 0 0 

1 1 0 0 1 1 0 0 
1 1 0 0 1 1 0 0 
1 1 0 0 1 1 1 1 
1 1 1 1 1 1 1 1 
1 1 1 1 0 0 0 0 
1 1 0 0 0 0 0 0 
0 0 0 0 0 0 0 0 

1 1 0 0 1 1 0 0 
1 1 0 0 1 1 1 1 
1 1 0 0 1 1 1 1 
1 1 0 0 1 1 0 0 
0 0 1 1 0 0 0 0 
0 0 1 1 0 0 0 0 
0 0 0 0 0 0 0 0 

1 1 0 0 1 1 0 0 
1 1 0 0 1 1 1 1 
1 1 0 0 1 1 1 1 
1 1 0 0 1 1 0 0 
0 0 1 1 0 0 0 0 
1 1 1 1 0 0 0 0 
1 1 0 0 0 0 0 0 

1 1 0 0 1 1 0 0 
1 1 0 0 1 1 1 1 
1 1 0 0 1 1 1 1 
1 1 0 0 1 1 0 0 
1 1 1 1 0 0 0 0 
1 1 1 1 0 0 0 0 
0 0 0 0 0 0 0 0 

1 1 0 0 1 1 0 0 
1 1 0 0 1 1 1 1 
1 1 0 0 1 1 1 1 
1 1 0 0 1 1 1 1 
0 0 1 1 0 0 1 1 
0 0 1 1 0 0 0 0 
0 0 0 0 0 0 0 0 

1 1 0 0 1 1 0 0 
1 1 0 0 1 1 1 1 
1 1 0 0 1 1 1 1 
1 1 0 0 1 1 1 1 
0 0 1 1 0 0 1 1 
1 1 1 1 0 0 0 0 
1 1 0 0 0 0 0 0 

1 1 0 0 1 1 0 0 
1 1 0 0 1 1 1 1 
1 1 0 0 1 1 1 1 
1 1 0 0 1 1 1 1 
1 1 1 1 0 0 1 1 
1 1 1 1 0 0 0 0 
0 0 0 0 0 0 0 0 

1 1 0 0 1 1 0 0 
1 1 0 0 1 1 1 1 
1 1 0 0 1 1 1 1 
1 1 1 1 1 1 0 0 
0 0 1 1 0 0 0 0 
0 0 0 0 0 0 0 0 
0 0 0 0 0 0 0 0 

1 1 0 0 1 1 0 0 
1 1 0 0 1 1 1 1 
1 1 0 0 1 1 1 1 
1 1 1 1 1 1 0 0 
0 0 1 1 0 0 0 0 
1 1 0 0 0 0 0 0 
1 1 0 0 0 0 0 0 

1 1 0 0 1 1 0 0 
1 1 0 0 1 1 1 1 
1 1 0 0 1 1 1 1 
1 1 1 1 1 1 0 0 
1 1 1 1 0 0 0 0 
1 1 0 0 0 0 0 0 
0 0 0 0 0 0 0 0 

1 1 0 0 1 1 0 0 
1 1 0 0 1 1 1 1 
1 1 0 0 1 1 1 1 
1 1 1 1 1 1 1 1 
0 0 1 1 0 0 1 1 
0 0 0 0 0 0 0 0 
0 0 0 0 0 0 0 0 

1 1 0 0 1 1 0 0 
1 1 0 0 1 1 1 1 
1 1 0 0 1 1 1 1 
1 1 1 1 1 1 1 1 
0 0 1 1 0 0 1 1 
1 1 0 0 0 0 0 0 
1 1 0 0 0 0 0 0 

1 1 0 0 1 1 0 0 
1 1 0 0 1 1 1 1 
1 1 0 0 1 1 1 1 
1 1 1 1 1 1 1 1 
1 1 1 1 0 0 1 1 
1 1 0 0 0 0 0 0 
0 0 0 0 0 0 0 0 

Tiempo de ejecucion: 253709581200
Cantidad de Fallos: 268435396